west3: 29.10.2015 16:23:58.451145990
west4: 29.10.2015 16:23:58.453301787
west5: 29.10.2015 16:23:58.453631617
west6: 29.10.2015 16:23:58.453994445
west3: 29.10.2015 16:23:58.451066914
west3: 29.10.2015 16:23:58.451857595
west3: 29.10.2015 16:23:58.453018385
west5: 29.10.2015 16:23:58.453746209
west4: 29.10.2015 16:23:58.454141764
west4: 29.10.2015 16:23:58.454123226
west5: 29.10.2015 16:23:58.454333652
west4: 29.10.2015 16:23:58.454967991
west5: 29.10.2015 16:23:58.455230601
west6: 29.10.2015 16:23:58.453909883
west6: 29.10.2015 16:23:58.454441985
west6: 29.10.2015 16:23:58.455741298
